0:1,1,0.25,;2,1,0.25,;3,1,0.25,;1,1,0.5,;2,1,0.5,;72,1,0.1,;181,1,0.1,;
1:0,1,0.25,;2,1,0.25,;3,1,0.25,;4,1,0.25,;0,1,0.5,;2,1,0.5,;75,1,0.1,;74,1,0.1,;103,1,0.1,;188,1,0.1,;
2:0,1,0.25,;1,1,0.25,;3,1,0.25,;4,1,0.25,;7,1,0.25,;8,1,0.25,;9,1,0.25,;10,1,0.25,;11,1,0.25,;0,1,0.5,;1,1,0.5,;5,1,0.5,;6,1,0.5,;11,1,0.5,;12,1,0.5,;15,1,0.5,;16,1,0.5,;17,1,0.5,;18,1,0.5,;19,1,0.5,;152,1,0.5,;17,1,0.75,;19,1,0.75,;20,1,0.75,;21,1,0.75,;22,1,0.75,;23,1,0.75,;24,1,0.75,;25,1,0.75,;28,1,0.75,;29,1,0.75,;30,1,0.75,;31,1,0.75,;32,1,0.75,;33,1,0.75,;34,1,0.75,;35,1,0.75,;36,1,0.75,;37,1,0.75,;40,1,0.75,;43,1,0.75,;44,1,0.75,;45,1,0.75,;49,1,0.75,;50,1,0.75,;51,1,0.75,;52,1,0.75,;53,1,0.75,;54,1,0.75,;55,1,0.75,;56,1,0.75,;59,1,0.75,;60,1,0.75,;61,1,0.75,;62,1,0.75,;63,1,0.75,;64,1,0.75,;65,1,0.75,;68,1,0.75,;69,1,0.75,;73,1,0.75,;74,1,0.75,;75,1,0.75,;82,1,0.75,;86,1,0.75,;87,1,0.75,;88,1,0.75,;89,1,0.75,;90,1,0.75,;91,1,0.75,;92,1,0.75,;93,1,0.75,;95,1,0.75,;96,1,0.75,;97,1,0.75,;98,1,0.75,;99,1,0.75,;100,1,0.75,;101,1,0.75,;102,1,0.75,;103,1,0.75,;104,1,0.75,;105,1,0.75,;106,1,0.75,;107,1,0.75,;108,1,0.75,;109,1,0.75,;110,1,0.75,;111,1,0.75,;112,1,0.75,;113,1,0.75,;114,1,0.75,;115,1,0.75,;116,1,0.75,;17,1,1.0,;19,1,1.0,;23,1,1.0,;55,1,1.0,;64,1,1.0,;88,1,1.0,;89,1,1.0,;139,1,1.0,;140,1,1.0,;141,1,1.0,;142,1,1.0,;143,1,1.0,;146,1,1.0,;147,1,1.0,;148,1,1.0,;149,1,1.0,;150,1,1.0,;151,1,1.0,;158,1,1.0,;159,1,1.0,;160,1,1.0,;163,1,1.0,;11,1,0.1,;107,1,0.1,;46,1,0.1,;116,1,0.1,;176,1,0.1,;128,1,0.1,;92,1,0.1,;83,1,0.1,;186,1,0.1,;21,1,0.1,;6,1,0.1,;74,1,0.1,;101,1,0.1,;109,1,0.1,;159,1,0.1,;176,1,0.1,;76,1,0.1,;148,1,0.1,;64,1,0.1,;184,1,0.1,;21,1,0.1,;25,1,0.1,;77,1,0.1,;161,1,0.1,;30,1,0.1,;47,1,0.1,;77,1,0.1,;126,1,0.1,;181,1,0.1,;10,1,0.1,;101,1,0.1,;45,1,0.1,;170,1,0.1,;165,1,0.1,;17,1,0.1,;135,1,0.1,;
3:0,1,0.25,;1,1,0.25,;2,1,0.25,;91,1,0.1,;59,1,0.1,;
4:1,1,0.25,;2,1,0.25,;110,1,0.1,;14,1,0.1,;98,1,0.1,;
7:2,1,0.25,;8,1,0.25,;9,1,0.25,;69,1,0.1,;80,1,0.1,;123,1,0.1,;
8:2,1,0.25,;7,1,0.25,;9,1,0.25,;36,1,0.1,;74,1,0.1,;137,1,0.1,;186,1,0.1,;
9:2,1,0.25,;7,1,0.25,;8,1,0.25,;43,1,0.1,;32,1,0.1,;55,1,0.1,;79,1,0.1,;146,1,0.1,;148,1,0.1,;
10:2,1,0.25,;11,1,0.25,;2,1,0.1,;37,1,0.1,;48,1,0.1,;58,1,0.1,;
11:2,1,0.25,;10,1,0.25,;2,1,0.5,;2,1,0.1,;73,1,0.1,;102,1,0.1,;91,1,0.1,;
5:2,1,0.5,;6,1,0.5,;153,1,0.1,;81,1,0.1,;133,1,0.1,;145,1,0.1,;171,1,0.1,;
6:2,1,0.5,;5,1,0.5,;12,1,0.5,;2,1,0.1,;150,1,0.1,;115,1,0.1,;44,1,0.1,;148,1,0.1,;
12:2,1,0.5,;6,1,0.5,;88,1,0.1,;54,1,0.1,;26,1,0.1,;27,1,0.1,;77,1,0.1,;149,1,0.1,;127,1,0.1,;145,1,0.1,;
15:2,1,0.5,;16,1,0.5,;102,1,0.1,;14,1,0.1,;45,1,0.1,;70,1,0.1,;176,1,0.1,;
16:2,1,0.5,;15,1,0.5,;71,1,0.1,;23,1,0.1,;104,1,0.1,;
17:2,1,0.5,;2,1,0.75,;23,1,0.75,;40,1,0.75,;55,1,0.75,;64,1,0.75,;91,1,0.75,;2,1,1.0,;55,1,1.0,;2,1,0.1,;146,1,0.1,;31,1,0.1,;92,1,0.1,;101,1,0.1,;14,1,0.1,;64,1,0.1,;
18:2,1,0.5,;19,1,0.5,;33,1,0.1,;177,1,0.1,;
19:2,1,0.5,;18,1,0.5,;2,1,0.75,;43,1,0.75,;51,1,0.75,;92,1,0.75,;2,1,1.0,;158,1,1.0,;159,1,1.0,;160,1,1.0,;163,1,1.0,;149,1,0.1,;13,1,0.1,;76,1,0.1,;130,1,0.1,;73,1,0.1,;87,1,0.1,;120,1,0.1,;124,1,0.1,;
152:2,1,0.5,;67,1,0.1,;
13:14,1,0.5,;19,1,0.1,;159,1,0.1,;14,1,0.1,;64,1,0.1,;187,1,0.1,;
14:13,1,0.5,;26,1,0.75,;27,1,0.75,;38,1,0.75,;39,1,0.75,;41,1,0.75,;42,1,0.75,;46,1,0.75,;47,1,0.75,;48,1,0.75,;57,1,0.75,;58,1,0.75,;66,1,0.75,;67,1,0.75,;70,1,0.75,;71,1,0.75,;72,1,0.75,;76,1,0.75,;77,1,0.75,;78,1,0.75,;79,1,0.75,;80,1,0.75,;81,1,0.75,;83,1,0.75,;84,1,0.75,;85,1,0.75,;94,1,0.75,;154,1,0.75,;26,1,1.0,;27,1,1.0,;41,1,1.0,;70,1,1.0,;76,1,1.0,;78,1,1.0,;117,1,1.0,;118,1,1.0,;119,1,1.0,;120,1,1.0,;121,1,1.0,;122,1,1.0,;123,1,1.0,;124,1,1.0,;125,1,1.0,;126,1,1.0,;127,1,1.0,;128,1,1.0,;129,1,1.0,;130,1,1.0,;131,1,1.0,;132,1,1.0,;133,1,1.0,;134,1,1.0,;135,1,1.0,;136,1,1.0,;137,1,1.0,;138,1,1.0,;143,1,1.0,;144,1,1.0,;145,1,1.0,;153,1,1.0,;155,1,1.0,;156,1,1.0,;157,1,1.0,;161,1,1.0,;162,1,1.0,;164,1,1.0,;165,1,1.0,;166,1,1.0,;167,1,1.0,;168,1,1.0,;169,1,1.0,;170,1,1.0,;171,1,1.0,;172,1,1.0,;173,1,1.0,;174,1,1.0,;175,1,1.0,;176,1,1.0,;177,1,1.0,;178,1,1.0,;179,1,1.0,;180,1,1.0,;181,1,1.0,;182,1,1.0,;183,1,1.0,;184,1,1.0,;185,1,1.0,;186,1,1.0,;187,1,1.0,;188,1,1.0,;189,1,1.0,;190,1,1.0,;97,1,0.1,;106,1,0.1,;61,1,0.1,;141,1,0.1,;17,1,0.1,;4,1,0.1,;60,1,0.1,;64,1,0.1,;39,1,0.1,;96,1,0.1,;13,1,0.1,;125,1,0.1,;143,1,0.1,;140,1,0.1,;57,1,0.1,;108,1,0.1,;171,1,0.1,;181,1,0.1,;188,1,0.1,;144,1,0.1,;53,1,0.1,;15,1,0.1,;151,1,0.1,;168,1,0.1,;74,1,0.1,;75,1,0.1,;170,1,0.1,;68,1,0.1,;36,1,0.1,;62,1,0.1,;114,1,0.1,;144,1,0.1,;
20:2,1,0.75,;21,1,0.75,;22,1,0.75,;23,1,0.75,;24,1,0.75,;25,1,0.75,;139,1,0.1,;89,1,0.1,;
21:2,1,0.75,;20,1,0.75,;22,1,0.75,;23,1,0.75,;24,1,0.75,;25,1,0.75,;2,1,0.1,;2,1,0.1,;36,1,0.1,;124,1,0.1,;135,1,0.1,;46,1,0.1,;
22:2,1,0.75,;20,1,0.75,;21,1,0.75,;23,1,0.75,;24,1,0.75,;25,1,0.75,;60,1,0.1,;70,1,0.1,;80,1,0.1,;150,1,0.1,;
23:2,1,0.75,;17,1,0.75,;20,1,0.75,;21,1,0.75,;22,1,0.75,;24,1,0.75,;25,1,0.75,;43,1,0.75,;2,1,1.0,;16,1,0.1,;173,1,0.1,;188,1,0.1,;73,1,0.1,;97,1,0.1,;
24:2,1,0.75,;20,1,0.75,;21,1,0.75,;22,1,0.75,;23,1,0.75,;25,1,0.75,;84,1,0.1,;174,1,0.1,;63,1,0.1,;160,1,0.1,;
25:2,1,0.75,;20,1,0.75,;21,1,0.75,;22,1,0.75,;23,1,0.75,;24,1,0.75,;2,1,0.1,;108,1,0.1,;82,1,0.1,;112,1,0.1,;28,1,0.1,;27,1,0.1,;165,1,0.1,;
28:2,1,0.75,;29,1,0.75,;30,1,0.75,;25,1,0.1,;34,1,0.1,;113,1,0.1,;156,1,0.1,;170,1,0.1,;185,1,0.1,;
29:2,1,0.75,;28,1,0.75,;30,1,0.75,;63,1,0.1,;101,1,0.1,;
30:2,1,0.75,;28,1,0.75,;29,1,0.75,;2,1,0.1,;128,1,0.1,;187,1,0.1,;
31:2,1,0.75,;32,1,0.75,;17,1,0.1,;81,1,0.1,;
32:2,1,0.75,;31,1,0.75,;68,1,0.75,;69,1,0.75,;82,1,0.75,;95,1,0.75,;96,1,0.75,;105,1,0.75,;112,1,0.75,;113,1,0.75,;114,1,0.75,;95,1,0.1,;47,1,0.1,;9,1,0.1,;67,1,0.1,;112,1,0.1,;150,1,0.1,;189,1,0.1,;
33:2,1,0.75,;34,1,0.75,;35,1,0.75,;36,1,0.75,;37,1,0.75,;18,1,0.1,;95,1,0.1,;166,1,0.1,;64,1,0.1,;102,1,0.1,;180,1,0.1,;
34:2,1,0.75,;33,1,0.75,;35,1,0.75,;36,1,0.75,;37,1,0.75,;174,1,0.1,;28,1,0.1,;101,1,0.1,;110,1,0.1,;139,1,0.1,;126,1,0.1,;
35:2,1,0.75,;33,1,0.75,;34,1,0.75,;36,1,0.75,;37,1,0.75,;131,1,0.1,;70,1,0.1,;
36:2,1,0.75,;33,1,0.75,;34,1,0.75,;35,1,0.75,;37,1,0.75,;8,1,0.1,;21,1,0.1,;135,1,0.1,;14,1,0.1,;110,1,0.1,;141,1,0.1,;
37:2,1,0.75,;33,1,0.75,;34,1,0.75,;35,1,0.75,;36,1,0.75,;10,1,0.1,;98,1,0.1,;73,1,0.1,;168,1,0.1,;
40:2,1,0.75,;17,1,0.75,;97,1,0.75,;107,1,0.75,;108,1,0.75,;109,1,0.75,;110,1,0.75,;189,1,0.1,;145,1,0.1,;60,1,0.1,;128,1,0.1,;
43:2,1,0.75,;19,1,0.75,;23,1,0.75,;63,1,0.75,;64,1,0.75,;65,1,0.75,;90,1,0.75,;106,1,0.75,;9,1,0.1,;173,1,0.1,;59,1,0.1,;122,1,0.1,;166,1,0.1,;
44:2,1,0.75,;45,1,0.75,;6,1,0.1,;153,1,0.1,;
45:2,1,0.75,;44,1,0.75,;2,1,0.1,;15,1,0.1,;95,1,0.1,;161,1,0.1,;
49:2,1,0.75,;50,1,0.75,;93,1,0.75,;159,1,0.1,;168,1,0.1,;
50:2,1,0.75,;49,1,0.75,;93,1,0.75,;83,1,0.1,;52,1,0.1,;
51:2,1,0.75,;19,1,0.75,;42,1,0.1,;76,1,0.1,;135,1,0.1,;171,1,0.1,;
52:2,1,0.75,;53,1,0.75,;54,1,0.75,;55,1,0.75,;56,1,0.75,;50,1,0.1,;101,1,0.1,;
53:2,1,0.75,;52,1,0.75,;54,1,0.75,;55,1,0.75,;56,1,0.75,;14,1,0.1,;77,1,0.1,;161,1,0.1,;38,1,0.1,;143,1,0.1,;127,1,0.1,;
54:2,1,0.75,;52,1,0.75,;53,1,0.75,;55,1,0.75,;56,1,0.75,;123,1,0.1,;12,1,0.1,;113,1,0.1,;84,1,0.1,;
55:2,1,0.75,;17,1,0.75,;52,1,0.75,;53,1,0.75,;54,1,0.75,;56,1,0.75,;73,1,0.75,;74,1,0.75,;75,1,0.75,;102,1,0.75,;109,1,0.75,;2,1,1.0,;17,1,1.0,;146,1,1.0,;147,1,1.0,;148,1,1.0,;149,1,1.0,;150,1,1.0,;151,1,1.0,;99,1,0.1,;9,1,0.1,;155,1,0.1,;116,1,0.1,;48,1,0.1,;101,1,0.1,;82,1,0.1,;
56:2,1,0.75,;52,1,0.75,;53,1,0.75,;54,1,0.75,;55,1,0.75,;176,1,0.1,;181,1,0.1,;27,1,0.1,;41,1,0.1,;137,1,0.1,;
59:2,1,0.75,;60,1,0.75,;61,1,0.75,;62,1,0.75,;43,1,0.1,;61,1,0.1,;3,1,0.1,;97,1,0.1,;112,1,0.1,;26,1,0.1,;160,1,0.1,;
60:2,1,0.75,;59,1,0.75,;61,1,0.75,;62,1,0.75,;14,1,0.1,;22,1,0.1,;40,1,0.1,;69,1,0.1,;75,1,0.1,;57,1,0.1,;114,1,0.1,;139,1,0.1,;136,1,0.1,;174,1,0.1,;
61:2,1,0.75,;59,1,0.75,;60,1,0.75,;62,1,0.75,;14,1,0.1,;59,1,0.1,;171,1,0.1,;136,1,0.1,;100,1,0.1,;108,1,0.1,;79,1,0.1,;
62:2,1,0.75,;59,1,0.75,;60,1,0.75,;61,1,0.75,;165,1,0.1,;14,1,0.1,;
63:2,1,0.75,;43,1,0.75,;64,1,0.75,;65,1,0.75,;29,1,0.1,;24,1,0.1,;155,1,0.1,;109,1,0.1,;173,1,0.1,;
64:2,1,0.75,;17,1,0.75,;43,1,0.75,;63,1,0.75,;65,1,0.75,;88,1,0.75,;89,1,0.75,;91,1,0.75,;106,1,0.75,;2,1,1.0,;88,1,1.0,;89,1,1.0,;2,1,0.1,;14,1,0.1,;33,1,0.1,;58,1,0.1,;67,1,0.1,;17,1,0.1,;13,1,0.1,;174,1,0.1,;
65:2,1,0.75,;43,1,0.75,;63,1,0.75,;64,1,0.75,;93,1,0.1,;68,1,0.1,;103,1,0.1,;78,1,0.1,;
68:2,1,0.75,;32,1,0.75,;14,1,0.1,;65,1,0.1,;139,1,0.1,;103,1,0.1,;
69:2,1,0.75,;32,1,0.75,;7,1,0.1,;60,1,0.1,;115,1,0.1,;188,1,0.1,;124,1,0.1,;161,1,0.1,;182,1,0.1,;
73:2,1,0.75,;55,1,0.75,;74,1,0.75,;75,1,0.75,;111,1,0.75,;11,1,0.1,;37,1,0.1,;23,1,0.1,;84,1,0.1,;19,1,0.1,;27,1,0.1,;48,1,0.1,;157,1,0.1,;
74:2,1,0.75,;55,1,0.75,;73,1,0.75,;75,1,0.75,;1,1,0.1,;2,1,0.1,;14,1,0.1,;168,1,0.1,;8,1,0.1,;57,1,0.1,;111,1,0.1,;189,1,0.1,;
75:2,1,0.75,;55,1,0.75,;73,1,0.75,;74,1,0.75,;1,1,0.1,;14,1,0.1,;60,1,0.1,;119,1,0.1,;124,1,0.1,;100,1,0.1,;
82:2,1,0.75,;32,1,0.75,;25,1,0.1,;55,1,0.1,;96,1,0.1,;
86:2,1,0.75,;87,1,0.75,;92,1,0.1,;92,1,0.1,;42,1,0.1,;140,1,0.1,;190,1,0.1,;
87:2,1,0.75,;86,1,0.75,;19,1,0.1,;
88:2,1,0.75,;64,1,0.75,;89,1,0.75,;2,1,1.0,;64,1,1.0,;89,1,1.0,;12,1,0.1,;143,1,0.1,;123,1,0.1,;160,1,0.1,;122,1,0.1,;
89:2,1,0.75,;64,1,0.75,;88,1,0.75,;2,1,1.0,;64,1,1.0,;88,1,1.0,;20,1,0.1,;132,1,0.1,;162,1,0.1,;164,1,0.1,;41,1,0.1,;
90:2,1,0.75,;43,1,0.75,;72,1,0.1,;102,1,0.1,;109,1,0.1,;
91:2,1,0.75,;17,1,0.75,;64,1,0.75,;3,1,0.1,;11,1,0.1,;132,1,0.1,;
92:2,1,0.75,;19,1,0.75,;2,1,0.1,;17,1,0.1,;86,1,0.1,;86,1,0.1,;189,1,0.1,;57,1,0.1,;181,1,0.1,;
93:2,1,0.75,;49,1,0.75,;50,1,0.75,;65,1,0.1,;109,1,0.1,;159,1,0.1,;164,1,0.1,;
95:2,1,0.75,;32,1,0.75,;97,1,0.75,;98,1,0.75,;99,1,0.75,;100,1,0.75,;101,1,0.75,;102,1,0.75,;103,1,0.75,;32,1,0.1,;33,1,0.1,;79,1,0.1,;129,1,0.1,;45,1,0.1,;144,1,0.1,;140,1,0.1,;121,1,0.1,;189,1,0.1,;
96:2,1,0.75,;32,1,0.75,;14,1,0.1,;82,1,0.1,;149,1,0.1,;130,1,0.1,;162,1,0.1,;181,1,0.1,;184,1,0.1,;
97:2,1,0.75,;40,1,0.75,;95,1,0.75,;98,1,0.75,;99,1,0.75,;100,1,0.75,;101,1,0.75,;102,1,0.75,;103,1,0.75,;107,1,0.75,;108,1,0.75,;109,1,0.75,;110,1,0.75,;14,1,0.1,;148,1,0.1,;181,1,0.1,;23,1,0.1,;129,1,0.1,;59,1,0.1,;
98:2,1,0.75,;95,1,0.75,;97,1,0.75,;99,1,0.75,;100,1,0.75,;101,1,0.75,;102,1,0.75,;103,1,0.75,;37,1,0.1,;168,1,0.1,;4,1,0.1,;173,1,0.1,;107,1,0.1,;78,1,0.1,;133,1,0.1,;170,1,0.1,;
99:2,1,0.75,;95,1,0.75,;97,1,0.75,;98,1,0.75,;100,1,0.75,;101,1,0.75,;102,1,0.75,;103,1,0.75,;55,1,0.1,;106,1,0.1,;129,1,0.1,;79,1,0.1,;94,1,0.1,;127,1,0.1,;
100:2,1,0.75,;95,1,0.75,;97,1,0.75,;98,1,0.75,;99,1,0.75,;101,1,0.75,;102,1,0.75,;103,1,0.75,;75,1,0.1,;27,1,0.1,;133,1,0.1,;61,1,0.1,;
101:2,1,0.75,;95,1,0.75,;97,1,0.75,;98,1,0.75,;99,1,0.75,;100,1,0.75,;102,1,0.75,;103,1,0.75,;2,1,0.1,;2,1,0.1,;17,1,0.1,;52,1,0.1,;55,1,0.1,;103,1,0.1,;29,1,0.1,;144,1,0.1,;34,1,0.1,;108,1,0.1,;151,1,0.1,;130,1,0.1,;
102:2,1,0.75,;55,1,0.75,;95,1,0.75,;97,1,0.75,;98,1,0.75,;99,1,0.75,;100,1,0.75,;101,1,0.75,;103,1,0.75,;109,1,0.75,;11,1,0.1,;15,1,0.1,;185,1,0.1,;90,1,0.1,;162,1,0.1,;33,1,0.1,;67,1,0.1,;179,1,0.1,;
103:2,1,0.75,;95,1,0.75,;97,1,0.75,;98,1,0.75,;99,1,0.75,;100,1,0.75,;101,1,0.75,;102,1,0.75,;68,1,0.1,;101,1,0.1,;65,1,0.1,;137,1,0.1,;1,1,0.1,;189,1,0.1,;106,1,0.1,;118,1,0.1,;
104:2,1,0.75,;16,1,0.1,;72,1,0.1,;
105:2,1,0.75,;32,1,0.75,;131,1,0.1,;180,1,0.1,;
106:2,1,0.75,;43,1,0.75,;64,1,0.75,;14,1,0.1,;99,1,0.1,;103,1,0.1,;77,1,0.1,;85,1,0.1,;
107:2,1,0.75,;40,1,0.75,;97,1,0.75,;108,1,0.75,;109,1,0.75,;110,1,0.75,;2,1,0.1,;27,1,0.1,;154,1,0.1,;98,1,0.1,;81,1,0.1,;161,1,0.1,;
108:2,1,0.75,;40,1,0.75,;97,1,0.75,;107,1,0.75,;109,1,0.75,;110,1,0.75,;14,1,0.1,;25,1,0.1,;61,1,0.1,;101,1,0.1,;123,1,0.1,;78,1,0.1,;166,1,0.1,;
109:2,1,0.75,;40,1,0.75,;55,1,0.75,;97,1,0.75,;102,1,0.75,;107,1,0.75,;108,1,0.75,;110,1,0.75,;2,1,0.1,;93,1,0.1,;90,1,0.1,;148,1,0.1,;133,1,0.1,;63,1,0.1,;169,1,0.1,;
110:2,1,0.75,;40,1,0.75,;97,1,0.75,;107,1,0.75,;108,1,0.75,;109,1,0.75,;4,1,0.1,;36,1,0.1,;34,1,0.1,;136,1,0.1,;189,1,0.1,;70,1,0.1,;164,1,0.1,;
111:2,1,0.75,;73,1,0.75,;74,1,0.1,;119,1,0.1,;125,1,0.1,;125,1,0.1,;171,1,0.1,;
112:2,1,0.75,;32,1,0.75,;113,1,0.75,;114,1,0.75,;25,1,0.1,;32,1,0.1,;59,1,0.1,;146,1,0.1,;148,1,0.1,;164,1,0.1,;
113:2,1,0.75,;32,1,0.75,;112,1,0.75,;114,1,0.75,;28,1,0.1,;54,1,0.1,;27,1,0.1,;
114:2,1,0.75,;32,1,0.75,;112,1,0.75,;113,1,0.75,;14,1,0.1,;60,1,0.1,;
115:2,1,0.75,;6,1,0.1,;69,1,0.1,;136,1,0.1,;
116:2,1,0.75,;2,1,0.1,;55,1,0.1,;67,1,0.1,;148,1,0.1,;188,1,0.1,;
26:14,1,0.75,;27,1,0.75,;76,1,0.75,;154,1,0.75,;14,1,1.0,;27,1,1.0,;117,1,1.0,;118,1,1.0,;119,1,1.0,;157,1,1.0,;127,1,0.1,;12,1,0.1,;47,1,0.1,;59,1,0.1,;
27:14,1,0.75,;26,1,0.75,;41,1,0.75,;42,1,0.75,;46,1,0.75,;47,1,0.75,;48,1,0.75,;66,1,0.75,;67,1,0.75,;77,1,0.75,;78,1,0.75,;79,1,0.75,;80,1,0.75,;81,1,0.75,;83,1,0.75,;84,1,0.75,;85,1,0.75,;14,1,1.0,;26,1,1.0,;118,1,1.0,;119,1,1.0,;124,1,1.0,;125,1,1.0,;126,1,1.0,;100,1,0.1,;107,1,0.1,;25,1,0.1,;56,1,0.1,;156,1,0.1,;12,1,0.1,;113,1,0.1,;73,1,0.1,;189,1,0.1,;135,1,0.1,;
38:14,1,0.75,;39,1,0.75,;53,1,0.1,;85,1,0.1,;184,1,0.1,;
39:14,1,0.75,;38,1,0.75,;14,1,0.1,;158,1,0.1,;70,1,0.1,;
41:14,1,0.75,;27,1,0.75,;42,1,0.75,;66,1,0.75,;67,1,0.75,;14,1,1.0,;123,1,1.0,;153,1,1.0,;89,1,0.1,;127,1,0.1,;56,1,0.1,;158,1,0.1,;136,1,0.1,;
42:14,1,0.75,;27,1,0.75,;41,1,0.75,;66,1,0.75,;67,1,0.75,;51,1,0.1,;136,1,0.1,;86,1,0.1,;127,1,0.1,;131,1,0.1,;175,1,0.1,;179,1,0.1,;
46:14,1,0.75,;27,1,0.75,;47,1,0.75,;48,1,0.75,;2,1,0.1,;187,1,0.1,;21,1,0.1,;76,1,0.1,;
47:14,1,0.75,;27,1,0.75,;46,1,0.75,;48,1,0.75,;2,1,0.1,;32,1,0.1,;26,1,0.1,;57,1,0.1,;172,1,0.1,;85,1,0.1,;
48:14,1,0.75,;27,1,0.75,;46,1,0.75,;47,1,0.75,;55,1,0.1,;73,1,0.1,;10,1,0.1,;123,1,0.1,;129,1,0.1,;144,1,0.1,;177,1,0.1,;
57:14,1,0.75,;58,1,0.75,;14,1,0.1,;60,1,0.1,;74,1,0.1,;47,1,0.1,;158,1,0.1,;92,1,0.1,;67,1,0.1,;
58:14,1,0.75,;57,1,0.75,;64,1,0.1,;10,1,0.1,;168,1,0.1,;182,1,0.1,;
66:14,1,0.75,;27,1,0.75,;41,1,0.75,;42,1,0.75,;67,1,0.75,;141,1,0.1,;135,1,0.1,;142,1,0.1,;
67:14,1,0.75,;27,1,0.75,;41,1,0.75,;42,1,0.75,;66,1,0.75,;152,1,0.1,;32,1,0.1,;64,1,0.1,;116,1,0.1,;102,1,0.1,;57,1,0.1,;77,1,0.1,;
70:14,1,0.75,;71,1,0.75,;72,1,0.75,;14,1,1.0,;120,1,1.0,;22,1,0.1,;35,1,0.1,;39,1,0.1,;15,1,0.1,;110,1,0.1,;119,1,0.1,;
71:14,1,0.75,;70,1,0.75,;72,1,0.75,;16,1,0.1,;77,1,0.1,;83,1,0.1,;
72:14,1,0.75,;70,1,0.75,;71,1,0.75,;0,1,0.1,;90,1,0.1,;180,1,0.1,;104,1,0.1,;147,1,0.1,;126,1,0.1,;
76:14,1,0.75,;26,1,0.75,;77,1,0.75,;78,1,0.75,;14,1,1.0,;78,1,1.0,;131,1,1.0,;132,1,1.0,;133,1,1.0,;2,1,0.1,;19,1,0.1,;80,1,0.1,;51,1,0.1,;46,1,0.1,;175,1,0.1,;
77:14,1,0.75,;27,1,0.75,;76,1,0.75,;78,1,0.75,;79,1,0.75,;80,1,0.75,;81,1,0.75,;2,1,0.1,;2,1,0.1,;53,1,0.1,;106,1,0.1,;67,1,0.1,;71,1,0.1,;136,1,0.1,;162,1,0.1,;12,1,0.1,;171,1,0.1,;181,1,0.1,;
78:14,1,0.75,;27,1,0.75,;76,1,0.75,;77,1,0.75,;79,1,0.75,;80,1,0.75,;81,1,0.75,;14,1,1.0,;76,1,1.0,;131,1,1.0,;132,1,1.0,;133,1,1.0,;108,1,0.1,;98,1,0.1,;65,1,0.1,;189,1,0.1,;123,1,0.1,;136,1,0.1,;183,1,0.1,;
79:14,1,0.75,;27,1,0.75,;77,1,0.75,;78,1,0.75,;80,1,0.75,;81,1,0.75,;95,1,0.1,;99,1,0.1,;61,1,0.1,;9,1,0.1,;179,1,0.1,;
80:14,1,0.75,;27,1,0.75,;77,1,0.75,;78,1,0.75,;79,1,0.75,;81,1,0.75,;76,1,0.1,;175,1,0.1,;22,1,0.1,;7,1,0.1,;159,1,0.1,;
81:14,1,0.75,;27,1,0.75,;77,1,0.75,;78,1,0.75,;79,1,0.75,;80,1,0.75,;31,1,0.1,;169,1,0.1,;107,1,0.1,;5,1,0.1,;
83:14,1,0.75,;27,1,0.75,;84,1,0.75,;85,1,0.75,;2,1,0.1,;50,1,0.1,;71,1,0.1,;148,1,0.1,;123,1,0.1,;164,1,0.1,;
84:14,1,0.75,;27,1,0.75,;83,1,0.75,;85,1,0.75,;24,1,0.1,;73,1,0.1,;94,1,0.1,;54,1,0.1,;143,1,0.1,;
85:14,1,0.75,;27,1,0.75,;83,1,0.75,;84,1,0.75,;94,1,0.75,;47,1,0.1,;106,1,0.1,;38,1,0.1,;138,1,0.1,;
94:14,1,0.75,;85,1,0.75,;84,1,0.1,;99,1,0.1,;176,1,0.1,;
154:14,1,0.75,;26,1,0.75,;107,1,0.1,;176,1,0.1,;
139:2,1,1.0,;140,1,1.0,;141,1,1.0,;142,1,1.0,;143,1,1.0,;20,1,0.1,;68,1,0.1,;60,1,0.1,;34,1,0.1,;132,1,0.1,;
140:2,1,1.0,;139,1,1.0,;141,1,1.0,;142,1,1.0,;143,1,1.0,;14,1,0.1,;86,1,0.1,;95,1,0.1,;
141:2,1,1.0,;139,1,1.0,;140,1,1.0,;142,1,1.0,;143,1,1.0,;14,1,0.1,;66,1,0.1,;36,1,0.1,;171,1,0.1,;181,1,0.1,;181,1,0.1,;
142:2,1,1.0,;139,1,1.0,;140,1,1.0,;141,1,1.0,;143,1,1.0,;181,1,0.1,;66,1,0.1,;174,1,0.1,;
143:2,1,1.0,;14,1,1.0,;139,1,1.0,;140,1,1.0,;141,1,1.0,;142,1,1.0,;161,1,1.0,;166,1,1.0,;171,1,1.0,;14,1,0.1,;88,1,0.1,;53,1,0.1,;84,1,0.1,;157,1,0.1,;144,1,0.1,;
146:2,1,1.0,;55,1,1.0,;147,1,1.0,;148,1,1.0,;149,1,1.0,;150,1,1.0,;151,1,1.0,;17,1,0.1,;187,1,0.1,;9,1,0.1,;112,1,0.1,;151,1,0.1,;
147:2,1,1.0,;55,1,1.0,;146,1,1.0,;148,1,1.0,;149,1,1.0,;150,1,1.0,;151,1,1.0,;148,1,0.1,;72,1,0.1,;137,1,0.1,;
148:2,1,1.0,;55,1,1.0,;146,1,1.0,;147,1,1.0,;149,1,1.0,;150,1,1.0,;151,1,1.0,;2,1,0.1,;97,1,0.1,;109,1,0.1,;83,1,0.1,;147,1,0.1,;9,1,0.1,;6,1,0.1,;116,1,0.1,;112,1,0.1,;162,1,0.1,;180,1,0.1,;
149:2,1,1.0,;55,1,1.0,;146,1,1.0,;147,1,1.0,;148,1,1.0,;150,1,1.0,;151,1,1.0,;19,1,0.1,;96,1,0.1,;12,1,0.1,;165,1,0.1,;155,1,0.1,;
150:2,1,1.0,;55,1,1.0,;146,1,1.0,;147,1,1.0,;148,1,1.0,;149,1,1.0,;151,1,1.0,;6,1,0.1,;22,1,0.1,;183,1,0.1,;32,1,0.1,;
151:2,1,1.0,;55,1,1.0,;146,1,1.0,;147,1,1.0,;148,1,1.0,;149,1,1.0,;150,1,1.0,;14,1,0.1,;146,1,0.1,;159,1,0.1,;101,1,0.1,;134,1,0.1,;
158:2,1,1.0,;19,1,1.0,;159,1,1.0,;160,1,1.0,;163,1,1.0,;39,1,0.1,;57,1,0.1,;41,1,0.1,;119,1,0.1,;137,1,0.1,;
159:2,1,1.0,;19,1,1.0,;158,1,1.0,;160,1,1.0,;2,1,0.1,;13,1,0.1,;49,1,0.1,;93,1,0.1,;151,1,0.1,;125,1,0.1,;80,1,0.1,;180,1,0.1,;167,1,0.1,;
160:2,1,1.0,;19,1,1.0,;158,1,1.0,;159,1,1.0,;88,1,0.1,;24,1,0.1,;59,1,0.1,;
163:2,1,1.0,;19,1,1.0,;158,1,1.0,;173,1,0.1,;
117:14,1,1.0,;26,1,1.0,;157,1,1.0,;190,1,0.1,;
118:14,1,1.0,;26,1,1.0,;27,1,1.0,;119,1,1.0,;103,1,0.1,;182,1,0.1,;
119:14,1,1.0,;26,1,1.0,;27,1,1.0,;118,1,1.0,;75,1,0.1,;158,1,0.1,;111,1,0.1,;70,1,0.1,;
120:14,1,1.0,;70,1,1.0,;19,1,0.1,;
121:14,1,1.0,;122,1,1.0,;134,1,1.0,;95,1,0.1,;
122:14,1,1.0,;121,1,1.0,;43,1,0.1,;88,1,0.1,;
123:14,1,1.0,;41,1,1.0,;165,1,1.0,;54,1,0.1,;88,1,0.1,;108,1,0.1,;83,1,0.1,;7,1,0.1,;78,1,0.1,;48,1,0.1,;
124:14,1,1.0,;27,1,1.0,;125,1,1.0,;126,1,1.0,;21,1,0.1,;75,1,0.1,;19,1,0.1,;69,1,0.1,;
125:14,1,1.0,;27,1,1.0,;124,1,1.0,;126,1,1.0,;14,1,0.1,;159,1,0.1,;111,1,0.1,;111,1,0.1,;
126:14,1,1.0,;27,1,1.0,;124,1,1.0,;125,1,1.0,;2,1,0.1,;72,1,0.1,;34,1,0.1,;
127:14,1,1.0,;164,1,1.0,;167,1,1.0,;168,1,1.0,;169,1,1.0,;170,1,1.0,;188,1,1.0,;189,1,1.0,;26,1,0.1,;41,1,0.1,;42,1,0.1,;99,1,0.1,;53,1,0.1,;12,1,0.1,;
128:14,1,1.0,;129,1,1.0,;130,1,1.0,;2,1,0.1,;30,1,0.1,;40,1,0.1,;156,1,0.1,;
129:14,1,1.0,;128,1,1.0,;130,1,1.0,;95,1,0.1,;97,1,0.1,;99,1,0.1,;48,1,0.1,;156,1,0.1,;175,1,0.1,;
130:14,1,1.0,;128,1,1.0,;129,1,1.0,;19,1,0.1,;96,1,0.1,;101,1,0.1,;
131:14,1,1.0,;76,1,1.0,;78,1,1.0,;132,1,1.0,;133,1,1.0,;35,1,0.1,;105,1,0.1,;174,1,0.1,;42,1,0.1,;136,1,0.1,;157,1,0.1,;172,1,0.1,;178,1,0.1,;
132:14,1,1.0,;76,1,1.0,;78,1,1.0,;131,1,1.0,;133,1,1.0,;89,1,0.1,;91,1,0.1,;139,1,0.1,;136,1,0.1,;180,1,0.1,;156,1,0.1,;186,1,0.1,;187,1,0.1,;189,1,0.1,;190,1,0.1,;
133:14,1,1.0,;76,1,1.0,;78,1,1.0,;131,1,1.0,;132,1,1.0,;100,1,0.1,;109,1,0.1,;137,1,0.1,;5,1,0.1,;98,1,0.1,;
134:14,1,1.0,;121,1,1.0,;151,1,0.1,;
135:14,1,1.0,;136,1,1.0,;21,1,0.1,;36,1,0.1,;27,1,0.1,;66,1,0.1,;2,1,0.1,;51,1,0.1,;
136:14,1,1.0,;135,1,1.0,;61,1,0.1,;110,1,0.1,;115,1,0.1,;42,1,0.1,;77,1,0.1,;131,1,0.1,;132,1,0.1,;41,1,0.1,;78,1,0.1,;60,1,0.1,;165,1,0.1,;
137:14,1,1.0,;138,1,1.0,;103,1,0.1,;147,1,0.1,;158,1,0.1,;133,1,0.1,;8,1,0.1,;56,1,0.1,;
138:14,1,1.0,;137,1,1.0,;85,1,0.1,;
144:14,1,1.0,;145,1,1.0,;14,1,0.1,;95,1,0.1,;101,1,0.1,;143,1,0.1,;14,1,0.1,;48,1,0.1,;167,1,0.1,;
145:14,1,1.0,;144,1,1.0,;162,1,1.0,;40,1,0.1,;5,1,0.1,;12,1,0.1,;
153:14,1,1.0,;41,1,1.0,;5,1,0.1,;44,1,0.1,;
155:14,1,1.0,;156,1,1.0,;55,1,0.1,;63,1,0.1,;149,1,0.1,;165,1,0.1,;
156:14,1,1.0,;155,1,1.0,;27,1,0.1,;128,1,0.1,;129,1,0.1,;132,1,0.1,;28,1,0.1,;186,1,0.1,;
157:14,1,1.0,;26,1,1.0,;117,1,1.0,;143,1,0.1,;73,1,0.1,;131,1,0.1,;
161:14,1,1.0,;143,1,1.0,;166,1,1.0,;171,1,1.0,;181,1,1.0,;182,1,1.0,;2,1,0.1,;53,1,0.1,;69,1,0.1,;107,1,0.1,;45,1,0.1,;
162:14,1,1.0,;145,1,1.0,;89,1,0.1,;102,1,0.1,;77,1,0.1,;148,1,0.1,;96,1,0.1,;
164:14,1,1.0,;127,1,1.0,;166,1,1.0,;188,1,1.0,;189,1,1.0,;89,1,0.1,;83,1,0.1,;110,1,0.1,;112,1,0.1,;93,1,0.1,;
165:14,1,1.0,;123,1,1.0,;2,1,0.1,;62,1,0.1,;149,1,0.1,;155,1,0.1,;136,1,0.1,;25,1,0.1,;
166:14,1,1.0,;143,1,1.0,;161,1,1.0,;164,1,1.0,;171,1,1.0,;33,1,0.1,;108,1,0.1,;43,1,0.1,;
167:14,1,1.0,;127,1,1.0,;168,1,1.0,;169,1,1.0,;170,1,1.0,;159,1,0.1,;144,1,0.1,;173,1,0.1,;176,1,0.1,;
168:14,1,1.0,;127,1,1.0,;167,1,1.0,;169,1,1.0,;170,1,1.0,;173,1,1.0,;174,1,1.0,;175,1,1.0,;14,1,0.1,;74,1,0.1,;98,1,0.1,;37,1,0.1,;58,1,0.1,;49,1,0.1,;187,1,0.1,;
169:14,1,1.0,;127,1,1.0,;167,1,1.0,;168,1,1.0,;170,1,1.0,;81,1,0.1,;109,1,0.1,;184,1,0.1,;
170:14,1,1.0,;127,1,1.0,;167,1,1.0,;168,1,1.0,;169,1,1.0,;2,1,0.1,;14,1,0.1,;28,1,0.1,;98,1,0.1,;190,1,0.1,;
171:14,1,1.0,;143,1,1.0,;161,1,1.0,;166,1,1.0,;14,1,0.1,;61,1,0.1,;77,1,0.1,;141,1,0.1,;111,1,0.1,;51,1,0.1,;5,1,0.1,;
172:14,1,1.0,;47,1,0.1,;131,1,0.1,;185,1,0.1,;
173:14,1,1.0,;168,1,1.0,;174,1,1.0,;175,1,1.0,;23,1,0.1,;43,1,0.1,;98,1,0.1,;163,1,0.1,;167,1,0.1,;63,1,0.1,;187,1,0.1,;
174:14,1,1.0,;168,1,1.0,;173,1,1.0,;175,1,1.0,;24,1,0.1,;34,1,0.1,;131,1,0.1,;64,1,0.1,;142,1,0.1,;60,1,0.1,;
175:14,1,1.0,;168,1,1.0,;173,1,1.0,;174,1,1.0,;76,1,0.1,;80,1,0.1,;42,1,0.1,;129,1,0.1,;
176:14,1,1.0,;177,1,1.0,;178,1,1.0,;179,1,1.0,;180,1,1.0,;2,1,0.1,;2,1,0.1,;56,1,0.1,;154,1,0.1,;94,1,0.1,;167,1,0.1,;15,1,0.1,;
177:14,1,1.0,;176,1,1.0,;178,1,1.0,;179,1,1.0,;180,1,1.0,;48,1,0.1,;18,1,0.1,;
178:14,1,1.0,;176,1,1.0,;177,1,1.0,;179,1,1.0,;180,1,1.0,;190,1,0.1,;131,1,0.1,;
179:14,1,1.0,;176,1,1.0,;177,1,1.0,;178,1,1.0,;180,1,1.0,;79,1,0.1,;102,1,0.1,;42,1,0.1,;
180:14,1,1.0,;176,1,1.0,;177,1,1.0,;178,1,1.0,;179,1,1.0,;72,1,0.1,;159,1,0.1,;132,1,0.1,;148,1,0.1,;105,1,0.1,;33,1,0.1,;188,1,0.1,;
181:14,1,1.0,;161,1,1.0,;182,1,1.0,;0,1,0.1,;2,1,0.1,;14,1,0.1,;56,1,0.1,;97,1,0.1,;141,1,0.1,;142,1,0.1,;77,1,0.1,;92,1,0.1,;96,1,0.1,;141,1,0.1,;
182:14,1,1.0,;161,1,1.0,;181,1,1.0,;118,1,0.1,;69,1,0.1,;58,1,0.1,;
183:14,1,1.0,;150,1,0.1,;78,1,0.1,;
184:14,1,1.0,;185,1,1.0,;186,1,1.0,;187,1,1.0,;2,1,0.1,;169,1,0.1,;38,1,0.1,;96,1,0.1,;
185:14,1,1.0,;184,1,1.0,;186,1,1.0,;187,1,1.0,;102,1,0.1,;172,1,0.1,;28,1,0.1,;
186:14,1,1.0,;184,1,1.0,;185,1,1.0,;187,1,1.0,;2,1,0.1,;156,1,0.1,;132,1,0.1,;8,1,0.1,;
187:14,1,1.0,;184,1,1.0,;185,1,1.0,;186,1,1.0,;30,1,0.1,;46,1,0.1,;146,1,0.1,;168,1,0.1,;173,1,0.1,;189,1,0.1,;132,1,0.1,;13,1,0.1,;
188:14,1,1.0,;127,1,1.0,;164,1,1.0,;189,1,1.0,;14,1,0.1,;23,1,0.1,;69,1,0.1,;180,1,0.1,;116,1,0.1,;1,1,0.1,;
189:14,1,1.0,;127,1,1.0,;164,1,1.0,;188,1,1.0,;40,1,0.1,;92,1,0.1,;103,1,0.1,;110,1,0.1,;27,1,0.1,;78,1,0.1,;187,1,0.1,;32,1,0.1,;95,1,0.1,;74,1,0.1,;132,1,0.1,;
190:14,1,1.0,;117,1,0.1,;170,1,0.1,;178,1,0.1,;86,1,0.1,;132,1,0.1,;
